0
0
0
0
0
0
0
0
0
0
0
0
0
0
0
0
0
0
0
0
0
4.83
9.49
13.84
18.51
23.01
27.2
27.84
29.13
33.31
34.92
36.05
36.21
35.57
34.6
33.63
32.83
31.86
27.36
23.98
23.98
24.46
24.95
25.75
27.52
30.74
33.96
36.53
36.85
36.53
36.37
34.28
30.58
27.52
25.43
25.43
28.48
31.86
34.76
37.34
38.95
39.59
40.07
40.23
39.59
39.43
39.75
39.91
39.75
39.59
39.59
40.4
41.2
41.36
40.88
40.07
40.23
40.88
41.84
41.84
41.36
42
42.97
44.26
46.03
47.15
47.96
48.44
48.92
49.41
49.41
49.09
48.92
48.76
48.92
49.57
48.92
48.12
47.48
47.96
48.76
49.41
49.73
49.89
49.73
48.92
47.96
48.12
48.6
49.41
50.21
51.18
51.82
52.14
51.82
51.02
46.03
40.72
35.41
30.09
24.78
19.47
14.16
8.85
3.54
0
0
0
0
0
0
0
0
0
0
0
0
0
0
0
0
0
0
0
0
0
0
0
0
0
0
0
0
0
0
0
0
0
0
0
0
0
0
0
5.31
10.62
15.93
21.24
26.55
31.86
35.73
39.11
41.52
42.49
41.36
40.4
39.75
40.23
40.55
40.88
41.52
43.77
42.65
38.62
36.53
31.22
28.48
27.68
29.13
29.93
32.19
35.73
39.43
43.94
49.09
53.91
58.26
60.03
63.25
65.18
67.75
70.01
72.58
74.03
75.32
76.44
76.44
76.12
75.96
75.64
75.64
75.64
75.64
75.64
75.96
76.28
77.09
78.05
79.02
79.66
80.47
81.43
82.08
82.88
84.01
85.62
87.07
87.87
88.35
88.51
88.35
87.87
87.87
88.19
88.67
89.32
89.64
90.28
90.61
91.09
91.25
91.25
90.93
90.93
90.93
90.93
90.93
90.93
90.77
90.28
89.8
88.67
87.87
87.23
86.91
86.42
86.26
86.74
86.91
87.07
87.07
86.58
85.94
85.3
84.65
83.85
84.33
83.69
83.53
83.2
82.88
83.04
83.36
83.85
84.49
85.3
86.1
86.91
88.35
89.16
89.48
90.12
90.12
89.8
88.84
87.71
86.26
84.49
82.88
82.88
82.88
82.24
80.63
80.47
80.63
80.47
79.82
79.66
79.66
79.66
79.02
78.21
77.41
75.96
74.19
72.42
70.49
68.56
66.79
64.86
61.96
59.55
56.65
54.4
52.3
50.69
49.25
49.09
48.28
46.67
44.26
39.91
34.6
32.35
30.74
29.77
27.36
24.95
20.12
17.38
12.88
7.56
2.25
0
0
0
0
0
0
0
0
0
0
0
0
0
0
1.61
6.92
12.23
17.54
22.85
27.84
32.19
36.21
38.14
40.55
42.81
45.22
48.28
49.57
50.85
51.66
52.79
54.07
55.52
55.68
56.17
56.01
55.52
55.84
57.13
57.94
57.94
57.94
57.94
57.94
57.94
58.1
58.58
58.74
58.58
57.94
56.49
54.88
53.91
50.53
46.67
41.36
37.02
32.67
28.16
23.34
19.31
14
8.69
3.38
0
0
0
0
0
0
4.18
9.49
14.81
20.12
25.43
30.74
36.05
40.23
41.2
44.26
46.67
48.28
48.44
48.28
47.8
47.15
46.35
45.06
40.23
34.92
29.61
24.3
18.99
13.68
8.37
3.06
0
0
0
0
0
0
0
0
0
0
0
0
0
0
0
0
0
0
0
5.31
10.62
15.93
21.24
26.55
31.86
37.18
42.49
44.74
46.83
50.69
53.11
54.07
56.01
56.49
57.29
58.1
57.94
58.1
58.26
57.94
57.45
57.94
57.94
57.29
57.13
56.97
56.65
56.65
56.65
56.65
56.65
56.65
56.33
56.49
56.65
57.13
56.65
56.33
56.33
56.33
56.01
55.68
55.52
53.91
51.5
48.44
45.06
41.04
36.21
31.86
26.55
21.24
16.58
11.59
6.44
1.61
0
0
0
0
0
0
1.93
5.63
8.85
10.46
13.68
15.45
16.9
19.15
22.53
25.75
28.48
30.58
32.35
33.8
35.41
37.02
38.3
39.43
40.07
40.23
40.23
40.23
40.23
40.23
40.23
41.2
41.52
41.84
41.2
40.55
40.23
40.23
40.23
39.27
37.18
31.86
26.55
21.24
15.93
10.62
5.31
0
0
0
0
0
0
0
0
0
0
0
0
0
0
0
0
0
5.31
10.62
15.93
20.92
23.5
25.75
27.36
27.36
27.36
28.16
28.48
28.48
28.16
27.36
27.2
26.71
27.36
27.52
27.36
26.71
26.55
26.55
26.71
27.36
28.32
29.77
30.9
32.51
33.8
33.96
34.12
34.76
35.41
36.05
36.21
36.21
36.21
36.53
38.14
40.4
41.84
42.65
43.45
42
36.69
31.38
26.07
20.76
15.45
10.14
4.83
0
0
0
0
0
0
0
0
0
0
0
0
0
0
0
0
0
0
0
0
0
0
0
0
0
0
3.22
7.24
12.55
16.41
20.12
22.53
24.62
28.16
31.54
33.8
35.73
37.5
39.43
40.72
41.2
41.84
42
42.16
42.16
42.49
42.65
42.65
41.84
41.04
37.98
34.44
29.77
26.39
23.34
18.67
14
9.33
5.63
3.22
0
0
0
0
0
0
0
0
0
0
0
0
0
0
2.25
5.31
7.08
10.46
14.81
18.19
21.73
23.5
26.39
26.88
26.55
26.55
29.29
30.9
32.35
34.6
36.21
36.21
35.57
36.53
37.5
37.82
36.21
34.76
32.99
28.97
24.14
19.31
14.48
9.98
7.24
4.83
3.38
0
0.81
5.15
10.46
15.45
20.12
22.53
25.75
28.97
31.54
34.6
37.18
39.43
41.04
42.65
43.61
44.42
44.9
45.54
46.03
46.03
45.54
45.38
45.06
44.26
43.13
41.04
37.82
34.6
30.58
26.55
23.98
20.12
15.13
9.98
4.83
2.41
2.41
0.81
0
4.83
10.14
15.45
20.76
25.43
28.16
29.61
31.38
33.31
35.41
37.34
40.23
42.65
44.26
45.06
45.54
46.51
46.51
46.51
46.35
45.87
45.54
45.54
45.54
45.38
44.42
44.26
44.26
44.26
44.26
44.26
44.26
44.42
45.06
45.87
48.28
49.89
51.5
53.11
53.11
54.07
54.72
55.2
55.04
54.72
54.72
54.56
54.07
53.27
53.11
52.3
51.5
51.34
50.85
50.69
49.25
48.28
48.12
48.12
48.12
48.12
47.64
47.48
47.48
47.15
46.51
45.38
44.58
43.45
41.04
38.14
35.41
32.99
30.9
30.9
32.35
33.63
34.44
35.41
36.37
37.34
38.62
40.23
41.84
42.81
42.81
43.13
43.45
43.77
44.74
45.22
46.35
46.51
46.67
46.83
46.67
45.22
44.26
43.45
41.52
40.23
39.43
39.91
40.4
41.04
41.36
42.16
43.29
44.26
44.74
45.7
46.67
46.99
46.83
46.67
46.51
45.87
45.22
45.06
45.06
44.42
43.77
42.81
43.45
44.26
44.74
45.06
44.74
45.06
45.06
45.06
44.58
44.1
43.29
42.81
42.65
42.65
42.65
42.33
42.16
42.16
41.68
41.2
41.2
41.68
41.52
41.04
39.59
37.82
35.73
34.76
34.76
34.92
36.37
37.66
38.62
38.95
39.27
40.07
40.4
40.55
40.72
41.04
40.55
40.23
40.23
40.23
39.75
39.43
39.11
39.11
39.43
40.23
40.23
39.59
39.59
38.78
39.43
40.4
41.2
40.4
38.62
35.41
32.35
27.2
21.89
16.58
11.27
5.96
0.64
0
0
0
3.22
8.53
13.84
19.15
24.46
28.16
29.93
32.19
33.96
35.41
37.02
39.43
42.33
44.26
45.22
45.7
45.87
45.87
45.87
44.58
44.26
43.77
43.13
42.65
41.84
41.36
40.55
38.62
35.41
34.6
34.6
35.08
36.21
37.02
36.69
36.69
37.02
36.53
36.53
36.53
37.82
38.62
39.59
39.91
40.4
41.04
41.2
41.04
40.23
38.78
38.14
37.34
36.85
36.21
35.41
34.76
32.99
28.16
22.85
17.54
12.23
6.92
1.61
0
0
0
0
0
0
0
0
0
0
0
0
0
0
0
0
0
0
0
0
0
0
0
0
0
0
0
0
0
0
1.93
6.44
11.75
17.06
22.37
27.36
29.77
32.19
35.08
37.02
38.62
39.91
41.2
42.65
43.13
44.1
44.9
45.54
45.06
44.26
43.45
43.45
42.33
39.43
36.21
34.6
33.15
28.97
24.14
19.8
17.86
17.06
16.09
15.29
14.64
14
13.84
14.16
14.48
14
13.84
12.88
11.27
8.05
6.76
4.18
1.61
0
0.16
0.97
2.58
5.79
11.1
16.09
20.6
22.53
23.34
25.75
29.13
32.19
33.8
34.12
34.28
34.44
34.92
36.21
37.02
38.3
39.43
40.23
40.07
39.91
40.23
40.88
41.52
41.84
42.49
42.81
43.29
43.45
43.45
43.45
43.29
43.13
43.13
42.65
42.49
41.84
41.04
39.59
37.82
34.6
32.19
28.16
25.75
22.53
17.22
11.91
6.6
1.29
0
0
0
0
0
0
0
0
0
0
0
0
0
0
0
0
3.38
8.69
14
19.31
24.62
29.93
33.96
37.02
37.82
37.02
36.21
32.19
26.88
21.57
16.25
10.94
5.63
0.32
0
0
0
0
0
0
0
0
0
0
0.32
2.41
5.63
10.46
15.77
19.31
20.76
20.92
20.28
20.6
21.08
21.08
22.53
24.95
27.36
29.93
31.7
33.8
34.6
35.08
35.08
34.6
34.12
34.6
35.08
35.41
35.24
34.92
34.6
34.6
34.44
32.35
31.38
30.9
31.54
31.86
32.19
31.38
28.16
24.95
20.92
16.09
12.88
9.66
6.44
4.02
1.13
0
0
0
0
0
0
0
0
1.61
1.61
1.61
1.61
1.61
2.58
4.83
6.44
8.05
10.14
12.88
16.09
16.9
15.29
13.68
12.23
14.16
17.7
22.53
27.36
31.38
33.8
35.08
35.73
37.02
37.98
38.78
39.43
39.43
38.62
37.82
37.82
37.82
37.82
37.82
37.82
38.62
38.78
39.43
39.75
40.23
40.88
41.2
41.36
41.84
42.16
43.45
44.74
45.54
46.67
46.83
46.67
45.06
39.75
34.44
29.13
23.82
18.51
13.2
7.89
2.58
0
0
0
0
0
0
0
0
0
0
0
0
0
0
0
0
0
0
0
0
0
0
0
0
0
2.41
7.72
13.04
18.35
21.24
24.3
27.04
29.45
31.38
32.67
34.28
35.24
35.57
36.05
35.41
34.76
33.96
32.99
32.19
31.54
29.77
28.16
26.55
24.95
22.53
17.7
12.88
8.37
4.02
0
0
0
0
0
0
0
0
0
0
0
0
0
0
0
0
0
0
0
0
0
0
0
4.83
9.49
13.84
18.51
23.01
27.2
27.84
29.13
33.31
34.92
36.05
36.21
35.57
34.6
33.63
32.83
31.86
27.36
23.98
23.98
24.46
24.95
25.75
27.52
30.74
33.96
36.53
36.85
36.53
36.37
34.28
30.58
27.52
25.43
25.43
28.48
31.86
34.76
37.34
38.95
39.59
40.07
40.23
39.59
39.43
39.75
39.91
39.75
39.59
39.59
40.4
41.2
41.36
40.88
40.07
40.23
40.88
41.84
41.84
41.36
42
42.97
44.26
46.03
47.15
47.96
48.44
48.92
49.41
49.41
49.09
48.92
48.76
48.92
49.57
48.92
48.12
47.48
47.96
48.76
49.41
49.73
49.89
49.73
48.92
47.96
48.12
48.6
49.41
50.21
51.18
51.82
52.14
51.82
51.02
46.03
40.72
35.41
30.09
24.78
19.47
14.16
8.85
3.54
0
0
0
0
0
0
0
0
0
0
0
0
0
0
0
0
0
0
0
0
0
0
0
0
0
0
0
0
0
0
0
0
0
0
0
0
0
0
0
5.31
10.62
15.93
21.24
26.55
31.86
35.73
39.11
41.52
42.49
41.36
40.4
39.75
40.23
40.55
40.88
41.52
43.77
42.65
38.62
36.53
31.22
28.48
27.68
29.13
29.93
32.19
35.73
39.43
43.94
49.09
53.91
58.26
60.03
63.25
65.18
67.75
70.01
72.58
74.03
75.32
76.44
76.44
76.12
75.96
75.64
75.64
75.64
75.64
75.64
75.96
76.28
77.09
78.05
79.02
79.66
80.47
81.43
82.08
82.88
84.01
85.62
87.07
87.87
88.35
88.51
88.35
87.87
87.87
88.19
88.67
89.32
89.64
90.28
90.61
91.09
91.25
91.25
90.93
90.93
90.93
90.93
90.93
90.93
90.77
90.28
89.8
88.67
87.87
87.23
86.91
86.42
86.26
86.74
86.91
87.07
87.07
86.58
85.94
85.3
84.65
83.85
84.33
83.69
83.53
83.2
82.88
83.04
83.36
83.85
84.49
85.3
86.1
86.91
88.35
89.16
89.48
90.12
90.12
89.8
88.84
87.71
86.26
84.49
82.88
82.88
82.88
82.24
80.63
80.47
80.63
80.47
79.82
79.66
79.66
79.66
79.02
78.21
77.41
75.96
74.19
72.42
70.49
68.56
66.79
64.86
61.96
59.55
56.65
54.4
52.3
50.69
49.25
49.09
48.28
46.67
44.26
39.91
34.6
32.35
30.74
29.77
27.36
24.95
20.12
17.38
12.88
7.56
2.25
0
0
0
0
0
0
0
0
0
0
0
0
0
0
1.61
6.92
12.23
17.54
22.85
27.84
32.19
36.21
38.14
40.55
42.81
45.22
48.28
49.57
50.85
51.66
52.79
54.07
55.52
55.68
56.17
56.01
55.52
55.84
57.13
57.94
57.94
57.94
57.94
57.94
57.94
58.1
58.58
58.74
58.58
57.94
56.49
54.88
53.91
50.53
46.67
41.36
37.02
32.67
28.16
23.34
19.31
14
8.69
3.38
0
0
0
0
0
0
4.18
9.49
14.81
20.12
25.43
30.74
36.05
40.23
41.2
44.26
46.67
48.28
48.44
48.28
47.8
47.15
46.35
45.06
40.23
34.92
29.61
24.3
18.99
13.68
8.37
3.06
0
0
0
0
0
0
0
0
0
0
0
0
0
0
0
0
0
0
0
5.31
10.62
15.93
21.24
26.55
31.86
37.18
42.49
44.74
46.83
50.69
53.11
54.07
56.01
56.49
57.29
58.1
57.94
58.1
58.26
57.94
57.45
57.94
57.94
57.29
57.13
56.97
56.65
56.65
56.65
56.65
56.65
56.65
56.33
56.49
56.65
57.13
56.65
56.33
56.33
56.33
56.01
55.68
55.52
53.91
51.5
48.44
45.06
41.04
36.21
31.86
26.55
21.24
16.58
11.59
6.44
1.61
0
0
0
0